{
    "215122257111" : {
        "name": "rs1",
        "serial_number": "215122257111",
        "transform_matrix":
        [
            [0.999147, -0.038156, 0.015767, -0.065587],
            [-0.019141, -0.089740, 0.995781, -0.768997],
            [-0.036580, -0.995234, -0.090394, 0.062987],
            [0.000000, 0.000000, 0.000000, 1.000000]
        ]
    },
    "239222302632" : {
        "name": "rs2",
        "serial_number": "239222302632",
        "transform_matrix":
        [
            [0.999682, -0.005331, 0.024650, -0.067510],
            [-0.024349, -0.458681, 0.888267, -0.724906],
            [0.006571, -0.888585, -0.458665, 0.367784],
            [0.000000, 0.000000, 0.000000, 1.000000]
        ]
    },
    "213522251284" : {
        "name": "rs3",
        "serial_number": "213522251284",
        "transform_matrix":
        [
            [0.998911, -0.042415, 0.019426, -0.067072],
            [-0.044301, -0.731919, 0.679950, -0.585464],
            [-0.014622, -0.680070, -0.733001, 0.639010],
            [0.000000, 0.000000, 0.000000, 1.000000]
        ]
    },
    "213622251144" : {
        "name": "rs4",
        "serial_number": "213622251144",
        "transform_matrix":
        [
            [0.999262, -0.023629, 0.030297, -0.069073],
            [-0.032395, -0.942131, 0.333676, -0.346323],
            [0.020659, -0.334411, -0.942201, 0.801388],
            [0.000000, 0.000000, 0.000000, 1.000000]
        ]
    },
    "215122254603" : {
        "name": "rs5",
        "serial_number": "215122254603",
        "transform_matrix":
        [
            [0.999434, -0.000964, 0.033620, -0.075652],
            [-0.000969, -1.000000, 0.000134, -0.046442],
            [0.033620, -0.000167, -0.999435, 0.857192],
            [0.000000, 0.000000, 0.000000, 1.000000]
        ]
    }
}