{
    "w": 6000,
    "h": 4000,
    "fl_x": 13927.460123097182,
    "fl_y": 13927.460123097182,
    "cx": 3000.0,
    "cy": 2000.0,
    "k1": 0.317824,
    "k2": 0.0,
    "p1": 0.0,
    "p2": 0.0,
    "camera_model": "OPENCV",
    "frames": [
        {
            "file_path": "images/cam1_000_img.jpg",
            "transform_matrix": [
                [
                    0.9996431080701143,
                    0.015463505053004492,
                    0.021783858689356204,
                    0.3708415551292502
                ],
                [
                    0.026520955767555355,
                    -0.6723924105420515,
                    -0.7397195990039908,
                    1.9658917042130546
                ],
                [
                    0.0032086434980389757,
                    0.7400333278014748,
                    -0.6725625460505346,
                    -7.787178365808636
                ],
                [
                    0.0,
                    0.0,
                    0.0,
                    1.0
                ]
            ],
            "colmap_im_id": 1
        },
        {
            "file_path": "images/cam2_000_img.jpg",
            "transform_matrix": [
                [
                    0.9997420922578127,
                    -0.021439166138027335,
                    0.007490735830163435,
                    0.23303414144325027
                ],
                [
                    -0.0002717821273806358,
                    -0.34111267588661176,
                    -0.9400223765868293,
                    -0.1138555308807661
                ],
                [
                    0.022708480848495097,
                    0.9397779016899586,
                    -0.34103052706872466,
                    -4.953950482039852
                ],
                [
                    0.0,
                    0.0,
                    0.0,
                    1.0
                ]
            ],
            "colmap_im_id": 2
        },
        {
            "file_path": "images/cam5_000_img.jpg",
            "transform_matrix": [
                [
                    0.9981093710795568,
                    -0.053898387198851816,
                    -0.02954060291420106,
                    -0.2862539595348019
                ],
                [
                    0.015753141027344757,
                    0.6889048335666978,
                    -0.7246805978058283,
                    1.5826051382563016
                ],
                [
                    0.05940977959010154,
                    0.7228451384257922,
                    0.6884514390596133,
                    4.682758597142909
                ],
                [
                    0.0,
                    0.0,
                    0.0,
                    1.0
                ]
            ],
            "colmap_im_id": 3
        },
        {
            "file_path": "images/cam3_000_img.jpg",
            "transform_matrix": [
                [
                    0.9999874878882181,
                    -0.0015761863408861284,
                    -0.004747599775655297,
                    0.14585375372702733
                ],
                [
                    -0.004680598885851333,
                    0.04009077639243208,
                    -0.9991850787728576,
                    -1.037352009916901
                ],
                [
                    0.0017652368341855656,
                    0.9991947984676816,
                    0.040082897276125386,
                    -1.5517973655356574
                ],
                [
                    0.0,
                    0.0,
                    0.0,
                    1.0
                ]
            ],
            "colmap_im_id": 4
        },
        {
            "file_path": "images/cam4_000_img.jpg",
            "transform_matrix": [
                [
                    0.9994267264364902,
                    -0.016266339448847745,
                    -0.029692165387112397,
                    -0.09263393023493287
                ],
                [
                    -0.021413355770718883,
                    0.37560343808535934,
                    -0.9265330676738388,
                    -0.4313975297395258
                ],
                [
                    0.026223780792963402,
                    0.926637719661461,
                    0.3750397976502362,
                    1.8229891593610854
                ],
                [
                    0.0,
                    0.0,
                    0.0,
                    1.0
                ]
            ],
            "colmap_im_id": 5
        }
    ],
    "applied_transform": [
        [
            1.0,
            0.0,
            0.0,
            0.0
        ],
        [
            0.0,
            0.0,
            1.0,
            0.0
        ],
        [
            -0.0,
            -1.0,
            -0.0,
            -0.0
        ]
    ],
    "ply_file_path": "sparse_pc.ply"
}