{
    "w": 6000,
    "h": 4000,
    "fl_x": 14105.84043335895,
    "fl_y": 14105.84043335895,
    "cx": 3000.0,
    "cy": 2000.0,
    "k1": 0.358515,
    "k2": 0.0,
    "p1": 0.0,
    "p2": 0.0,
    "camera_model": "OPENCV",
    "frames": [
        {
            "file_path": "images/cam1_055_img.jpg",
            "transform_matrix": [
                [
                    0.9995468453781352,
                    -0.02621089204419181,
                    0.014801791542437184,
                    0.6225666469183808
                ],
                [
                    -0.007587072857754649,
                    -0.6952246702222334,
                    -0.7187524568582968,
                    2.2356832458739957
                ],
                [
                    0.02912971369699958,
                    0.7183144485896371,
                    -0.6951084898972938,
                    -7.645534356924386
                ],
                [
                    0.0,
                    0.0,
                    0.0,
                    1.0
                ]
            ],
            "colmap_im_id": 1
        },
        {
            "file_path": "images/cam2_055_img.jpg",
            "transform_matrix": [
                [
                    0.9983331699591372,
                    -0.0564407672138681,
                    -0.01205493905627306,
                    0.3515842378188712
                ],
                [
                    -0.0336012721598704,
                    -0.3985904873621072,
                    -0.9165132720772112,
                    0.04985250738558291
                ],
                [
                    0.046923728204170054,
                    0.915390661510564,
                    -0.39982258634383505,
                    -4.929893320081839
                ],
                [
                    0.0,
                    0.0,
                    0.0,
                    1.0
                ]
            ],
            "colmap_im_id": 2
        },
        {
            "file_path": "images/cam4_055_img.jpg",
            "transform_matrix": [
                [
                    0.9972183990159326,
                    -0.028081013125814316,
                    -0.06904289511548865,
                    -0.15629757925887605
                ],
                [
                    -0.05502720937773088,
                    0.34743052992601237,
                    -0.9360897569696134,
                    -0.4489367485645898
                ],
                [
                    0.050273958390004356,
                    0.9372851666260159,
                    0.34491889703326206,
                    1.7823802649181486
                ],
                [
                    0.0,
                    0.0,
                    0.0,
                    1.0
                ]
            ],
            "colmap_im_id": 3
        },
        {
            "file_path": "images/cam3_055_img.jpg",
            "transform_matrix": [
                [
                    0.9991121401860478,
                    -0.026195661170145993,
                    -0.03299573712942425,
                    0.1483309381299656
                ],
                [
                    -0.03424940236908912,
                    -0.048946522502250976,
                    -0.9982140133119234,
                    -1.0276741025286
                ],
                [
                    0.024533849478127027,
                    0.99845782348119,
                    -0.04980025059162918,
                    -1.5917435954025432
                ],
                [
                    0.0,
                    0.0,
                    0.0,
                    1.0
                ]
            ],
            "colmap_im_id": 4
        },
        {
            "file_path": "images/cam5_055_img.jpg",
            "transform_matrix": [
                [
                    0.9960042861931209,
                    -0.031615787575723496,
                    -0.0835218765408106,
                    -0.34361758270799014
                ],
                [
                    -0.04335144812732819,
                    0.646492357984996,
                    -0.7616877857838229,
                    1.4267583473503849
                ],
                [
                    0.07807761414256492,
                    0.7622650936799915,
                    0.64253856936906,
                    4.739256645356496
                ],
                [
                    0.0,
                    0.0,
                    0.0,
                    1.0
                ]
            ],
            "colmap_im_id": 5
        }
    ],
    "applied_transform": [
        [
            1.0,
            0.0,
            0.0,
            0.0
        ],
        [
            0.0,
            0.0,
            1.0,
            0.0
        ],
        [
            -0.0,
            -1.0,
            -0.0,
            -0.0
        ]
    ],
    "ply_file_path": "sparse_pc.ply"
}