{
    "w": 6000,
    "h": 4000,
    "fl_x": 4904.117657439392,
    "fl_y": 4904.117657439392,
    "cx": 3000.0,
    "cy": 2000.0,
    "k1": -0.138182,
    "k2": 0.0,
    "p1": 0.0,
    "p2": 0.0,
    "camera_model": "OPENCV",
    "frames": [
        {
            "file_path": "images/cam1_018_img.jpg",
            "transform_matrix": [
                [
                    0.9993717547063565,
                    0.02332588213350917,
                    0.026683311597920617,
                    0.32909702464033647
                ],
                [
                    0.031880516429926765,
                    -0.9205636653633189,
                    -0.38928931488677204,
                    5.149101976686896
                ],
                [
                    0.015483170453729982,
                    0.3898954234606311,
                    -0.920728966741655,
                    -6.1823744796525215
                ],
                [
                    0.0,
                    0.0,
                    0.0,
                    1.0
                ]
            ],
            "colmap_im_id": 1
        },
        {
            "file_path": "images/cam2_018_img.jpg",
            "transform_matrix": [
                [
                    0.9996828344301124,
                    -0.01388122730452334,
                    0.021012902567150722,
                    0.2222087873800257
                ],
                [
                    0.004137477017311578,
                    -0.7325126969145747,
                    -0.6807407951216582,
                    2.009367170564473
                ],
                [
                    0.024841735642012457,
                    0.6806118279808664,
                    -0.7322229358486636,
                    -4.548961546348135
                ],
                [
                    0.0,
                    0.0,
                    0.0,
                    1.0
                ]
            ],
            "colmap_im_id": 2
        },
        {
            "file_path": "images/cam4_018_img.jpg",
            "transform_matrix": [
                [
                    0.9997062126354929,
                    -0.01883071569912192,
                    -0.015260817941968067,
                    -0.08506910650817716
                ],
                [
                    -0.0162638979696733,
                    -0.05431834938733735,
                    -0.9983912071641392,
                    -1.1168115690751752
                ],
                [
                    0.01797147853770267,
                    0.9983460928285811,
                    -0.0546086521814529,
                    1.4768807773036472
                ],
                [
                    0.0,
                    0.0,
                    0.0,
                    1.0
                ]
            ],
            "colmap_im_id": 3
        },
        {
            "file_path": "images/cam3_018_img.jpg",
            "transform_matrix": [
                [
                    0.9999155016470447,
                    0.00252475144032101,
                    0.012752066346436273,
                    0.15152416928418572
                ],
                [
                    0.012563347844468161,
                    -0.4396804342892571,
                    -0.8980664106813867,
                    -0.339781440406689
                ],
                [
                    0.00333943960541477,
                    0.8981507341940855,
                    -0.43967500134729853,
                    -1.8640000125867844
                ],
                [
                    0.0,
                    0.0,
                    0.0,
                    1.0
                ]
            ],
            "colmap_im_id": 4
        },
        {
            "file_path": "images/cam5_018_img.jpg",
            "transform_matrix": [
                [
                    0.9985378607237314,
                    -0.04037117598822501,
                    -0.035948697481294874,
                    -0.2886638692876048
                ],
                [
                    -0.02305096991754547,
                    0.283526421773202,
                    -0.9586873426421905,
                    -0.5527741899092035
                ],
                [
                    0.048895740991770506,
                    0.9581142605690681,
                    0.28218127189282705,
                    4.936080213498735
                ],
                [
                    0.0,
                    0.0,
                    0.0,
                    1.0
                ]
            ],
            "colmap_im_id": 5
        }
    ],
    "applied_transform": [
        [
            1.0,
            0.0,
            0.0,
            0.0
        ],
        [
            0.0,
            0.0,
            1.0,
            0.0
        ],
        [
            -0.0,
            -1.0,
            -0.0,
            -0.0
        ]
    ],
    "ply_file_path": "sparse_pc.ply"
}