{
    "w": 6368,
    "h": 4097,
    "fl_x": 4903.442969689975,
    "fl_y": 4903.442969689975,
    "cx": 3184.0,
    "cy": 2048.5,
    "k1": 0.0,
    "k2": 0.0,
    "p1": 0.0,
    "p2": 0.0,
    "camera_model": "OPENCV",
    "frames": [
        {
            "file_path": "images/cam1_000_img.jpg",
            "transform_matrix": [
                [
                    0.9992999878676456,
                    0.027649376213451836,
                    0.025200123863397296,
                    0.32019416606166
                ],
                [
                    0.03576284877273981,
                    -0.9037413867559305,
                    -0.4265823771701376,
                    4.833801580453257
                ],
                [
                    0.010979658254322155,
                    0.4271849925494508,
                    -0.9040975772808727,
                    -6.42390809586064
                ],
                [
                    0.0,
                    0.0,
                    0.0,
                    1.0
                ]
            ],
            "colmap_im_id": 1
        },
        {
            "file_path": "images/cam2_000_img.jpg",
            "transform_matrix": [
                [
                    0.999730595948168,
                    -0.011855866048411825,
                    0.019954296914767432,
                    0.22454017032895354
                ],
                [
                    0.00649566745738092,
                    -0.6824405041728936,
                    -0.7309122824036617,
                    1.827113610389995
                ],
                [
                    0.02228321856024627,
                    0.7308449881503525,
                    -0.6821796401726656,
                    -4.613810974818595
                ],
                [
                    0.0,
                    0.0,
                    0.0,
                    1.0
                ]
            ],
            "colmap_im_id": 2
        },
        {
            "file_path": "images/cam4_000_img.jpg",
            "transform_matrix": [
                [
                    0.9997962450391649,
                    -0.01645524034632346,
                    -0.011691598296670647,
                    -0.060003564815633424
                ],
                [
                    -0.011909956912997703,
                    -0.013235008261045783,
                    -0.9998414811772217,
                    -1.1046407233201518
                ],
                [
                    0.016297893480953965,
                    0.9997770049473406,
                    -0.013428292765973637,
                    1.5107743728548626
                ],
                [
                    0.0,
                    0.0,
                    0.0,
                    1.0
                ]
            ],
            "colmap_im_id": 3
        },
        {
            "file_path": "images/cam3_000_img.jpg",
            "transform_matrix": [
                [
                    0.9999339484550085,
                    0.0034880787007756033,
                    0.010951348508460006,
                    0.16589457464599974
                ],
                [
                    0.011480037914471651,
                    -0.3490799671813056,
                    -0.9370226172522097,
                    -0.34788094700109434
                ],
                [
                    0.000554487744541818,
                    0.9370864473567397,
                    -0.3490969531858811,
                    -1.8276182824204932
                ],
                [
                    0.0,
                    0.0,
                    0.0,
                    1.0
                ]
            ],
            "colmap_im_id": 4
        },
        {
            "file_path": "images/cam5_000_img.jpg",
            "transform_matrix": [
                [
                    0.9979947124587027,
                    -0.05939307741497468,
                    -0.021886440086271414,
                    -0.3304311814640146
                ],
                [
                    -0.001745473712371536,
                    0.3198173757266622,
                    -0.9474775984184693,
                    -0.37459201068273257
                ],
                [
                    0.0632732741842126,
                    0.9456158356005306,
                    0.3190723808723025,
                    4.930654872349991
                ],
                [
                    0.0,
                    0.0,
                    0.0,
                    1.0
                ]
            ],
            "colmap_im_id": 5
        }
    ],
    "applied_transform": [
        [
            1.0,
            0.0,
            0.0,
            0.0
        ],
        [
            0.0,
            0.0,
            1.0,
            0.0
        ],
        [
            -0.0,
            -1.0,
            -0.0,
            -0.0
        ]
    ],
    "ply_file_path": "sparse_pc.ply"
}