{
    "w": 6000,
    "h": 4000,
    "fl_x": 4899.450755662683,
    "fl_y": 4899.450755662683,
    "cx": 3000.0,
    "cy": 2000.0,
    "k1": -0.129487,
    "k2": 0.0,
    "p1": 0.0,
    "p2": 0.0,
    "camera_model": "OPENCV",
    "frames": [
        {
            "file_path": "images/frame_00001.jpg",
            "transform_matrix": [
                [
                    0.9978457219194277,
                    0.05416830291681017,
                    0.03700959613679718,
                    0.17217473575902498
                ],
                [
                    0.06348316854050003,
                    -0.9395548595431417,
                    -0.33646181539801173,
                    5.466479091961253
                ],
                [
                    0.01654698036363751,
                    0.3380864695133185,
                    -0.9409695726073533,
                    -5.966608932934465
                ],
                [
                    0.0,
                    0.0,
                    0.0,
                    1.0
                ]
            ],
            "colmap_im_id": 1
        },
        {
            "file_path": "images/frame_00002.jpg",
            "transform_matrix": [
                [
                    0.9991525030532686,
                    0.008928733995206018,
                    0.04018150509414625,
                    0.1563736857244314
                ],
                [
                    0.03333880613312747,
                    -0.7480793148175783,
                    -0.6627713502767604,
                    2.2695937477370496
                ],
                [
                    0.024141243712903267,
                    0.6635492569894909,
                    -0.7477429932140378,
                    -4.446104400151084
                ],
                [
                    0.0,
                    0.0,
                    0.0,
                    1.0
                ]
            ],
            "colmap_im_id": 2
        },
        {
            "file_path": "images/frame_00003.jpg",
            "transform_matrix": [
                [
                    0.9991764979935145,
                    0.014926002873671358,
                    0.03772983296585834,
                    0.16626086418503017
                ],
                [
                    0.04045968209618393,
                    -0.436554893707876,
                    -0.8987673997783746,
                    -0.180504447965229
                ],
                [
                    0.003056138428172051,
                    0.8995538000686342,
                    -0.436799291208202,
                    -1.8653034787715936
                ],
                [
                    0.0,
                    0.0,
                    0.0,
                    1.0
                ]
            ],
            "colmap_im_id": 3
        },
        {
            "file_path": "images/frame_00004.jpg",
            "transform_matrix": [
                [
                    0.9997599563988467,
                    -0.014281573542335205,
                    0.016615241151758876,
                    -0.03255122005549952
                ],
                [
                    0.01497266050482499,
                    -0.10829255658925852,
                    -0.9940063086443515,
                    -1.2552010495672572
                ],
                [
                    0.015995281141120476,
                    0.9940164781554262,
                    -0.10805272850187266,
                    1.4104497197173755
                ],
                [
                    0.0,
                    0.0,
                    0.0,
                    1.0
                ]
            ],
            "colmap_im_id": 4
        },
        {
            "file_path": "images/frame_00005.jpg",
            "transform_matrix": [
                [
                    0.9977455436521875,
                    -0.0671060922305588,
                    -0.0007762137233637032,
                    -0.29008331392167297
                ],
                [
                    0.015885393240567102,
                    0.24739280750659715,
                    -0.9687850396633899,
                    -0.8338881823269724
                ],
                [
                    0.06520340791548511,
                    0.9665886256208209,
                    0.24790107788523094,
                    4.900958226711281
                ],
                [
                    0.0,
                    0.0,
                    0.0,
                    1.0
                ]
            ],
            "colmap_im_id": 5
        }
    ],
    "applied_transform": [
        [
            1.0,
            0.0,
            0.0,
            0.0
        ],
        [
            0.0,
            0.0,
            1.0,
            0.0
        ],
        [
            -0.0,
            -1.0,
            -0.0,
            -0.0
        ]
    ],
    "ply_file_path": "sparse_pc.ply"
}